 0 , 0 , 0 , 0 , 0 , 0 , 0 , EXIT, FLOOR, 0 , 0 , 0 , 0 , 0 , 0 , 0 , 0 , 0 , 0 , 0 , 0 , 0 , 0 , 0 , 0 , 0 , 0 , 0 , 0 , 0 , 0 , 0 , 0 , 0 , 0 , 0 , 0 , 0 , 0 , 0
0 , 0 , 0 , 0 , 0 , 0 , 0 , EXIT, FLOOR, 0 , 0 , 0 , 0 , 0 , 0 , 0 , 0 , 0 , 0 , 0 , 0 , 0 , 0 , 0 , 0, 0, 0 , 0 , 0 , 0 , 0 , 0 , 0 , 0 , 0 , 0 , 0 , 0 , 0 , 0
0 , 0 , 0 , 0 , 0 , 0 , 0 , EXIT, FLOOR, 0 , 0 , 0 , 0, 0, 0, 0, 0, 0, 0, 0, 0, 0, 0, 0, 0, 0, 0 , 0 , 0 , 0 , 0 , 0 , 0 , 0 , 0 , 0 , 0 , 0 , 0 , 0
0 , 0 , 0 , FLOOR, FLOOR, FLOOR, FLOOR, FLOOR, FLOOR, 0 , 0 , 0, 0, 0, 0, 0, 0, 0, 0, 0, 0, 0 , 0 , 0 , 0, 0, 0, 0, 0, 0, 0 , 0 , 0 , 0 , 0 , 0 , 0 , 0 , 0 , 0
0 , 0 , 0 , TRAP, TRAP, TRAP, TRAP, TRAP, TRAP, 0 , 0 , 0 , 0, 0, 0, 0, 0, 0, 0, 0, 0, 0, 0, 0, 0, 0, 0, 0, 0, 0 , 0 , 0 , 0 , 0 , 0 , 0 , 0 , 0 , 0 , 0
0 , 0 , FLOOR, 0 , 0 , 0 , 0 , 0 , 0 , 0 , 0 , 0, 0, 0, 0, 0, 0, 0, 0, 0, 0, 0, 0, 0 , 0, 0, 0, 0, 0, 0, 0, 0, 0 , 0 , 0 , 0 , 0 , 0 , 0 , 0
0 , 0 , 0 , 0 , 0 , 0 , 0 , 0 , 0 , 0 , 0 , 0 , 0 , 0 , 0 , 0 , 0 , 0 , 0 , 0 , 0 , 0 , 0 , 0 , 0 , 0 , 0, 0, 0, 0, 0, 0 , 0 , 0 , 0 , 0 , 0 , 0 , 0 , 0
0 , 0 , 0 , 0 , 0 , 0 , 0 , 0 , 0 , 0 , 0 , 0 , 0 , 0 , 0 , 0 , 0 , 0 , 0 , 0 , 0 , 0 , 0 , 0 , 0 , 0 , 0 , 0 , 0 , 0 , 0 , 0 , 0 , 0 , 0 , 0 , 0 , 0 , 0 , 0
 0, 0 , 0 , 0 , 0 , 0 , 0 , 0 , 0 , 0 , 0, 0 , 0 , 0 , 0 , 0 , 0 , 0 , 0 , 0 , 0 , 0 , 0 , 0 , 0 , 0 , 0 , 0 , 0 , 0 , 0 , 0 , 0 , 0 , 0 , 0 , 0 , 0 , 0 , 0
 FLOOR, 0 , 0 , 0 , 0 , 0 , FLOOR, FLOOR, FLOOR, 0, 0, 0, 0, 0, 0, 0, 0 , 0 , 0 , 0 , 0 , 0 , 0 , 0 , 0 , 0 , 0 , 0 , FLOOR , FLOOR , FLOOR , FLOOR , 0 , 0 , 0 , 0 , 0 , 0 , 0 , 0
 TRAP, 0 , 0 , 0 , 0 , 0, 0, 0, 0, TRAP, TRAP, TRAP, TRAP, TRAP, 0, 0, 0, 0, 0, 0 , 0 , 0 , 0 , TRAP, TRAP, TRAP, TRAP, TRAP, 0 , 0 , 0 , 0 , 0 , 0 , 0 , 0 , 0 , 0 , 0 , 0
0 , 0 , 0, 0, 0, 0, 0, 0, 0, 0, 0, 0, 0, 0, TRAP, TRAP, TRAP, 0, 0, 0, TRAP, TRAP, TRAP, 0, 0, 0, 0, 0, 0 , 0 , 0 , 0 , 0 , 0 , 0 , 0 , 0 , 0 , 0 , 0
0, 0, 0, 0, 0, 0, 0, 0, 0, 0, 0, 0, 0, 0, 0, 0, 0, TRAP, TRAP, TRAP, 0, 0, 0, 0, 0, 0 , 0, 0, 0 , 0 , 0 , 0 , 0 , 0 , 0 , 0 , 0 , 0 , 0 , 0
 0, 0, 0, 0, 0, 0, 0, 0, 0, 0, 0, 0, 0, 0, 0, 0, 0, 0, 0, 0, 0 , 0 , 0 , 0 , 0 , 0 , 0 , 0 , 0 , 0 , 0 , 0 , 0 , 0 , 0 , 0 , 0 , 0 , 0 , 0
 0, 0, 0, 0, 0, 0, 0, 0, 0, 0, 0, 0, 0, 0, 0, 0, 0, 0, 0, 0, 0 , 0 , 0 , 0 , 0 , 0 , 0 , 0 , 0 , 0 , 0 , 0 , 0 , 0 , 0 , 0 , 0 , 0 , 0 , 0
0 , 0 , 0, 0, 0, 0, 0, 0, 0, 0, 0, 0, 0, 0, 0, 0, 0, 0, 0, 0, 0, 0 , 0 , 0 , 0 , 0 , 0 , 0 , 0 , 0 , 0 , 0 , 0 , 0 , 0 , 0 , 0 , 0 , 0 , 0
0 , 0, 0, 0, 0, 0, 0, 0, 0, 0, 0, 0, 0, 0, 0, 0, 0, 0, 0, 0, 0 , 0 , 0 , 0 , 0 , 0 , 0 , 0 , 0 , 0 , 0 , 0 , 0 , 0 , 0 , 0 , 0 , 0 , 0 , 0
0 , 0, 0, 0, 0, 0, 0, 0, 0, 0, 0, 0, 0, 0, 0, 0, 0, 0, 0, 0, 0 , 0 , 0 , 0 , 0 , 0 , 0 , 0 , 0 , 0 , 0 , 0 , 0 , 0 , 0 , 0 , 0 , 0 , 0 , 0
0 , 0, 0, 0, 0, 0, 0, 0, 0, 0, 0, 0, 0, 0, 0, 0, 0, 0, 0, 0 , 0 , 0 , 0 , FLOOR , FLOOR , FLOOR , FLOOR , FLOOR , 0 , 0 , 0 , 0 , 0 , 0 , 0 , 0 , 0 , 0 , 0 , 0
0 , 0, 0, 0, 0, 0, 0, 0, 0, 0, 0, 0, 0, 0, 0, 0, 0, 0 , 0 , 0 , 0 , 0 , FLOOR , TRAP , TRAP , TRAP , TRAP , TRAP , 0 , 0 , 0 , 0 , 0 , 0 , 0 , 0 , 0 , 0 , 0 , 0
0 , 0 , 0, 0, 0, 0, 0, 0, 0, 0, 0, 0, 0, 0, 0, 0, 0 , 0 , 0 , 0 , FLOOR , FLOOR , TRAP , TRAP , 0 , 0 , 0 , 0 , TRAP , TRAP , 0 , 0 , 0 , 0 , 0 , 0 , 0 , 0 , 0 , 0
0 , 0 , 0 , 0, 0, 0, 0, 0, 0, 0, 0, 0, 0 , 0 , 0 , 0 , 0 , 0 , 0 , FLOOR , TRAP , TRAP , 0 , 0 , 0 , 0 , 0 , 0 , 0 , 0 , TRAP , 0 , 0 , 0 , 0 , 0 , 0 , 0 , 0 , 0
0 , 0 , 0, 0, 0, 0, 0, 0, 0, 0, 0, 0, 0, 0, 0, 0, 0 , 0 , FLOOR , TRAP , 0 , 0 , 0 , 0 , 0 , 0 , 0 , 0 , 0 , 0 , 0 , TRAP , 0 , 0 , 0 , 0 , 0 , 0 , 0 , 0
0 , 0 , 0, 0, 0, 0, 0, 0, 0, 0, 0, 0, 0, 0, 0, 0, 0 , FLOOR , TRAP , 0 , 0 , 0 , 0 , 0 , 0 , 0 , 0 , 0 , 0 , 0 , 0 , TRAP , 0 , 0 , 0 , 0 , 0 , 0 , 0 , 0
0 , 0 , 0 , 0 , 0, 0, 0, 0, 0, 0, 0, 0, 0, 0, 0, 0 , 0 , 0 , 0 , 0 , 0 , 0 , 0 , 0 , 0 , 0 , 0 , 0 , 0 , 0 , 0 , 0 , 0 , 0 , 0 , 0 , 0 , 0 , 0 , 0
0 , 0 , 0 , 0, 0, 0, 0, 0, 0, 0, 0, 0, 0, 0, 0, 0 , 0 , 0 , 0 , 0 , 0 , 0 , 0 , 0 , 0 , 0 , 0 , 0 , 0 , 0 , 0 , 0 , 0 , 0 , 0 , 0 , 0 , 0 , 0 , 0
0 , 0 , 0 , 0 , 0 , 0 , 0, 0, 0, 0, 0, 0, 0, 0, 0 , 0 , 0 , 0 , 0 , 0 , 0 , 0 , 0 , 0 , 0 , 0 , 0 , 0, FLOOR , 0 , 0 , 0 , 0 , 0 , 0 , 0 , 0 , 0 , 0 , 0
0 , 0 , 0 , 0 , 0 , 0 , 0 , 0, 0, 0, 0, 0, TRAP , FLOOR , FLOOR , FLOOR , FLOOR , FLOOR , 0 , 0 , 0 , 0 , 0 , 0 , 0 , 0 , 0 , TRAP , TRAP , 0 , 0 , 0 , 0 , 0 , 0 , 0 , 0 , 0 , 0 , 0
0 , 0 , 0 , 0 , 0 , 0 , 0 , 0, 0, 0, 0, 0, TRAP , TRAP , TRAP , TRAP , TRAP , TRAP , TRAP , TRAP , 0 , 0 , 0 , 0 , 0 , TRAP , TRAP , 0 , 0 , 0 , 0 , 0 , 0 , 0 , 0 , 0 , 0 , 0 , 0 , 0
0 , 0 , 0 , 0 , 0 , 0 , 0 , 0 , 0 , 0, 0, 0, 0, 0, 0, 0, 0, 0, 0 , TRAP , TRAP , FLOOR , FLOOR , FLOOR , TRAP , TRAP , 0 , 0 , 0 , 0 , FLOOR , FLOOR , 0 , 0 , 0 , 0 , 0 , 0 , 0 , 0
0 , 0 , 0 , 0 , 0 , 0 , 0 , 0 , 0 , 0 , 0, 0, 0, 0, 0, 0, 0, 0, 0 , 0 , TRAP , TRAP , TRAP , TRAP , TRAP , 0 , 0 , 0 , 0 , 0 , TRAP , 0 , 0 , 0 , 0 , 0 , 0 , 0 , 0 , 0
0 , 0 , 0 , 0 , 0 , 0 , 0 , 0 , 0 , 0 , 0 , 0, 0, 0, 0, 0, 0, 0 , 0 , 0 , 0 , 0 , 0 , 0 , 0 , 0 , 0 , 0 , 0 , 0 , 0 , 0 , 0 , 0 , 0 , 0 , 0 , 0 , 0 , 0
0 , 0 , 0 , 0 , 0 , 0 , 0 , 0 , 0 , 0 , 0 , 0 , 0 , 0 , 0 , 0 , 0 , 0 , 0 , 0 , 0 , 0 , 0 , 0 , 0 , 0 , 0 , 0 , 0 , 0 , 0 , 0 , 0 , 0 , 0 , 0 , 0 , 0 , 0 , 0
0 , 0 , 0 , 0 , 0 , 0 , 0 , 0 , 0 , 0 , 0 , 0 , 0 , 0 , 0 , 0 , 0 , 0 , 0 , 0 , 0 , 0 , 0 , 0 , 0 , 0 , 0 , 0 , 0 , 0 , 0 , 0 , 0 , 0 , 0 , FLOOR , FLOOR , FLOOR , 0 , 0
0 , 0 , 0 , 0 , 0 , 0 , 0 , 0 , 0 , 0 , 0 , 0 , 0 , 0 , 0 , 0 , 0 , 0 , 0 , 0 , 0 , 0 , 0 , 0 , 0 , 0 , 0 , 0 , 0 , 0 , 0 , 0 , 0 , 0 , 0 , 0 , 0 , 0 , 0 , 0
0 , 0 , 0 , 0 , 0 , 0 , 0 , 0 , 0 , 0 , 0 , 0 , 0 , 0 , 0 , 0 , 0 , 0 , 0 , 0 , 0 , 0 , 0 , 0 , 0 , FLOOR , FLOOR , FLOOR , FLOOR , FLOOR , 0 , 0 , 0 , 0 , 0 , 0 , 0 , 0 , 0 , 0
0 , 0 , 0 , 0 , 0 , 0 , 0 , 0 , 0 , 0 , 0 , 0 , 0 , 0 , 0 , 0 , 0 , TRAP , 0 , 0 , 0 , 0 , 0 , 0 , FLOOR , 0 , 0 , 0 , 0 , 0 , TRAP , TRAP , TRAP , 0 , 0 , 0 , 0 , 0 , 0 , 0
0 , 0 , 0 , 0 , 0 , 0 , 0 , 0 , 0 , FLOOR , FLOOR , FLOOR , FLOOR , FLOOR , FLOOR , 0 , 0 , 0 , 0 , 0 , FLOOR , FLOOR , FLOOR , FLOOR , 0 , 0 , 0 , 0 , 0 , 0 , 0 , 0 , 0 , 0 , 0 , 0 , 0 , 0 , 0 , 0
0 , 0 , 0 , 0 , 0 , 0 , 0 , 0 , 0 , 0 , 0 , 0 , 0 , 0 , 0 , 0 , 0 , 0 , 0 , 0 , 0 , 0 , 0 , 0 , 0 , 0 , 0 , 0 , 0 , 0 , 0 , 0 , 0 , 0 , 0 , 0 , 0 , 0 , 0 , 0
FLOOR , FLOOR , FLOOR , FLOOR , TRAP , TRAP , TRAP , TRAP , TRAP , TRAP , TRAP , TRAP , TRAP , TRAP , TRAP , TRAP , TRAP , TRAP , TRAP , TRAP , TRAP , TRAP , TRAP , TRAP , TRAP , TRAP , TRAP , TRAP , TRAP , TRAP , TRAP , TRAP , TRAP , TRAP , TRAP , TRAP , TRAP , TRAP , TRAP , TRAP