 0, 0, 0, 0, 0, 0, 0, 0, 0, 0, 0, 0, 0, 0, 0, 0, 0, 0, 0, 0, 0, 0, 0, 0, 0, 0, 0, 0, 0, 0, 0, 0, 0, 0, 0, 0, 0, 0, 0, 0
0, 0, 0, 0, 0, 0, 0, 0, 0, 0, 0, 0, 0, 0, 0, 0, 0, 0, 0, 0, 0, 0, 0, 0, 0, 0, 0, 0, 0, 0, 0, 0, 0, 0, 0, 0, 0, 0, 0, 0
0, 0, 0, 0, 0, 0, 0, 0, 0, 0, 0, 0, 0, 0, 0, 0, 0, 0, 0, 0, 0, 0, 0, 0, 0, 0, 0, 0, 0, 0, 0, 0, 0, 0, 0, 0, 0, 0, 0, 0
0, 0, 0, 0, 0, 0, 0, 0, 0, 0, 0, 0, 0, 0, 0, 0, 0, 0, 0, 0, 0, 0, 0, 0, 0, 0, 0, 0, 0, 0, 0, 0, 0, 0, 0, 0, 0, 0, 0, 0
0, 0, 0, 0, 0, 0, 0, 0, 0, 0, 0, 0, 0, 0, 0, 0, 0, 0, 0, 0, 0, 0, 0, 0, 0, 0, 0, 0, 0, 0, 0, 0, 0, 0, 0, 0, 0, 0, 0, 0
0, 0, 0, 0, 0, 0, 0, 0, 0, 0, 0, 0, 0, 0, 0, 0, 0, 0, 0, 0, 0, 0, 0, 0, 0, 0, 0, 0, 0, 0, 0, 0, 0, 0, 0, FLOOR, 0, 0, 0, FLOOR
0, 0, 0, 0, 0, 0, 0, 0, 0, 0, 0, 0, 0, 0, 0, 0, 0, 0, 0, 0, 0, 0, 0, 0, 0, 0, 0, 0, 0, 0, 0, 0, 0, 0, 0, TRAP, 0, 0, 0, TRAP
0, 0, 0, 0, 0, 0, 0, 0, 0, 0, 0, 0, 0, 0, 0, 0, 0, 0, 0, 0, 0, 0, 0, 0, 0, 0, 0, 0, 0, 0, 0, 0, 0, 0, 0, TRAP, 0, 0, 0, TRAP
0, 0, 0, 0, 0, 0, 0, 0, 0, 0, 0, 0, 0, 0, 0, 0, 0, 0, 0, 0, 0, 0, 0, 0, 0, 0, 0, 0, 0, 0, 0, 0, FLOOR, FLOOR, TRAP, TRAP, 0, 0, TRAP, 0
0, 0, 0, 0, 0, 0, 0, 0, 0, 0, 0, 0, 0, 0, 0, 0, 0, 0, 0, 0, 0, 0, 0, 0, 0, 0, 0, 0, 0, 0, 0, 0, TRAP, TRAP, 0, 0, 0, 0, TRAP, 0
0, 0, 0, 0, 0, 0, 0, 0, 0, 0, 0, 0, 0, 0, 0, 0, 0, 0, 0, 0, 0, 0, 0, 0, 0, 0, 0, 0, 0, 0, 0, 0, TRAP, 0, 0, 0, 0, 0, TRAP, 0
0, 0, 0, 0, 0, 0, 0, 0, 0, 0, 0, 0, 0, 0, 0, 0, 0, 0, 0, 0, 0, 0, 0, 0, 0, 0, 0, 0, 0, 0, 0, 0, TRAP, 0, 0, 0, 0, 0, TRAP, 0
0, 0, 0, 0, 0, 0, 0, 0, 0, 0, 0, 0, 0, 0, 0, 0, 0, 0, 0, 0, 0, 0, 0, 0, 0, 0, 0, 0, 0, 0, 0, 0, TRAP, 0, 0, 0, 0, 0, TRAP, 0
0, 0, 0, 0, 0, 0, 0, 0, 0, 0, 0, 0, 0, 0, 0, 0, 0, 0, 0, 0, 0, 0, 0, 0, 0, 0, 0, 0, 0, 0, 0, 0, TRAP, 0, 0, 0, 0, 0, TRAP, 0
0, 0, 0, 0, 0, 0, 0, 0, 0, 0, 0, 0, 0, 0, 0, 0, 0, 0, 0, 0, 0, 0, 0, 0, 0, 0, 0, 0, 0, 0, 0, 0, TRAP, 0, 0, 0, 0, 0, TRAP, 0
0, 0, 0, 0, 0, 0, 0, 0, 0, 0, 0, 0, 0, 0, 0, 0, 0, 0, 0, 0, 0, 0, 0, 0, 0, 0, 0, 0, 0, 0, FLOOR, FLOOR, TRAP, 0, 0, 0, 0, 0, TRAP, 0
0, 0, 0, 0, 0, 0, 0, 0, 0, 0, 0, 0, 0, 0, 0, 0, 0, 0, 0, 0, 0, 0, 0, 0, 0, 0, 0, 0, 0, 0, TRAP, TRAP, TRAP, TRAP, 0, 0, 0, 0, 0, TRAP
0, 0, 0, 0, 0, 0, 0, 0, 0, 0, 0, 0, 0, 0, 0, 0, 0, 0, 0, 0, 0, 0, 0, 0, 0, 0, 0, 0, 0, 0, 0, 0, 0, TRAP, TRAP, 0, 0, 0, 0, 0
0, 0, 0, 0, 0, 0, 0, 0, 0, 0, 0, 0, 0, 0, 0, 0, 0, 0, 0, 0, 0, 0, 0, 0, 0, 0, 0, 0, 0, 0, 0, 0, 0, 0, TRAP, FLOOR, 0, 0, 0, 0
0, 0, 0, 0, 0, 0, 0, 0, 0, 0, 0, 0, 0, 0, 0, 0, 0, 0, 0, 0, 0, 0, 0, 0, 0, 0, 0, 0, 0, 0, 0, 0, 0, 0, 0, TRAP, FLOOR, 0, 0, 0
0, 0, 0, 0, 0, 0, 0, 0, 0, 0, 0, 0, 0, 0, 0, 0, 0, 0, 0, 0, 0, 0, 0, 0, 0, 0, 0, 0, 0, 0, 0, 0, 0, 0, 0, 0, TRAP, 0, 0, 0
0, 0, 0, 0, 0, 0, 0, 0, 0, 0, 0, 0, 0, 0, 0, 0, 0, 0, 0, 0, 0, 0, 0, 0, 0, 0, 0, 0, 0, 0, 0, 0, 0, 0, 0, 0, TRAP, 0, 0, 0
0, 0, 0, 0, 0, 0, 0, 0, 0, 0, 0, 0, 0, 0, 0, 0, 0, 0, 0, 0, 0, 0, 0, 0, 0, 0, 0, FLOOR, FLOOR, FLOOR, 0, 0, 0, 0, 0, 0, TRAP, 0, 0, 0
0, 0, 0, 0, 0, 0, 0, 0, 0, 0, 0, 0, 0, 0, 0, 0, 0, 0, TRAP, 0, 0, 0, 0, 0, 0, 0, 0, 0, 0, 0, 0, 0, 0, 0, 0, 0, TRAP, 0, 0, 0
0, 0, 0, 0, 0, 0, 0, 0, 0, 0, 0, 0, 0, 0, 0, 0, 0, 0, TRAP, 0, 0, 0, 0, 0, 0, 0, 0, 0, 0, 0, 0, 0, 0, 0, 0, 0, TRAP, 0, 0, 0
0, 0, 0, 0, 0, 0, 0, 0, 0, 0, 0, 0, TRAP, TRAP, 0, 0, 0, 0, 0, TRAP, 0, 0, 0, 0, 0, 0, 0, 0, 0, 0, 0, 0, 0, 0, 0, TRAP, TRAP, 0, 0, 0
0, 0, 0, 0, 0, 0, 0, 0, 0, FLOOR, FLOOR, FLOOR, TRAP, TRAP, FLOOR, FLOOR, 0, 0, 0, TRAP, FLOOR, FLOOR, 0, 0, 0, 0, 0, 0, 0, 0, 0, 0, 0, 0, 0, TRAP, 0, 0, 0, 0
0, 0, 0, 0, 0, 0, 0, 0, 0, TRAP, TRAP, TRAP, TRAP, 0, 0, 0, 0, 0, 0, TRAP, TRAP, TRAP, 0, 0, 0, 0, 0, 0, 0, 0, 0, 0, 0, 0, 0, TRAP, 0, 0, 0, 0
0, 0, 0, 0, 0, 0, 0, 0, 0, 0, 0, 0, TRAP, 0, 0, 0, 0, 0, 0, TRAP, 0, 0, 0, 0, 0, 0, 0, 0, 0, 0, 0, 0, 0, 0, 0, TRAP, 0, 0, 0, 0
0, 0, 0, 0, 0, 0, 0, 0, 0, 0, 0, TRAP, TRAP, 0, 0, 0, 0, 0, 0, TRAP, 0, 0, 0, FLOOR, 0, 0, 0, 0, 0, 0, 0, 0, 0, 0, 0, TRAP, 0, 0, 0, 0
0, 0, 0, 0, 0, 0, 0, 0, 0, 0, 0, TRAP, 0, 0, 0, 0, 0, 0, TRAP, 0, 0, 0, 0, 0, 0, 0, 0, 0, 0, 0, 0, 0, 0, 0, TRAP, TRAP, 0, 0, 0, 0
0, 0, 0, 0, TRAP, FLOOR, FLOOR, 0, 0, 0, 0, TRAP, 0, 0, 0, 0, 0, 0, TRAP, 0, 0, 0, 0, 0, 0, 0, 0, 0, 0, 0, 0, 0, 0, 0, TRAP, 0, 0, 0, 0, 0
0, 0, 0, 0, TRAP, TRAP, TRAP, 0, 0, 0, TRAP, TRAP, 0, 0, 0, 0, 0, 0, 0, 0, 0, 0, 0, 0, 0, 0, 0, 0, 0, 0, 0, 0, 0, 0, TRAP, 0, 0, 0, 0, 0
0, 0, 0, 0, 0, 0, 0, 0, 0, 0, TRAP, 0, 0, 0, 0, 0, 0, 0, 0, 0, 0, 0, 0, 0, FLOOR, FLOOR, TRAP, 0, 0, 0, 0, 0, 0, 0, TRAP, 0, 0, 0, 0, 0
0, 0, 0, 0, 0, 0, 0, 0, 0, 0, TRAP, 0, 0, 0, 0, 0, FLOOR, FLOOR, 0, 0, 0, 0, 0, 0, TRAP, TRAP, TRAP, 0, 0, 0, 0, 0, 0, 0, TRAP, TRAP, 0, 0, 0, 0
0, 0, 0, 0, 0, 0, 0, 0, 0, 0, TRAP, 0, 0, 0, 0, 0, 0, 0, 0, 0, 0, 0, 0, 0, 0, 0, 0, 0, 0, 0, 0, 0, 0, 0, 0, TRAP, 0, 0, 0, 0
0, 0, 0, 0, 0, 0, 0, FLOOR, FLOOR, FLOOR, TRAP, 0, 0, 0, 0, 0, 0, 0, FLOOR, FLOOR, FLOOR, FLOOR, 0, 0, 0, 0, 0, 0, 0, 0, 0, 0, 0, 0, 0, TRAP, TRAP, 0, 0, 0
0, 0, 0, 0, 0, 0, 0, 0, 0, 0, 0, 0, 0, 0, 0, 0, 0, 0, 0, 0, 0, 0, 0, 0, 0, 0, 0, 0, 0, 0, 0, 0, 0, 0, 0, 0, TRAP, 0, 0, 0
0, 0, 0, 0, 0, TRAP, TRAP, TRAP, 0, 0, 0, 0, 0, 0, 0, 0, 0, 0, 0, 0, 0, 0, 0, 0, 0, 0, 0, 0, 0, 0, 0, 0, 0, 0, 0, 0, TRAP, FLOOR, EXIT, EXIT
 FLOOR, FLOOR, FLOOR, TRAP, TRAP, TRAP, TRAP, TRAP, TRAP, TRAP, TRAP, TRAP, TRAP, TRAP, TRAP, TRAP, TRAP, TRAP, TRAP, TRAP, TRAP, TRAP, TRAP, TRAP, TRAP, TRAP, TRAP, TRAP, TRAP, TRAP, TRAP, TRAP, TRAP, TRAP, TRAP, TRAP, TRAP, TRAP, TRAP, TRAP